.ans =

     5   500

ans =

     5   100

.ans =

     5   500

ans =

     5   100

.ans =

     5   500

ans =

     5   100

.ans =

     5   500

ans =

     5   100

.ans =

     5   500

ans =

     5   100

.ans =

     5   500

ans =

     5   100

.ans =

     5   500

ans =

     5   100

.ans =

     5   500

ans =

     5   100

.ans =

     5   500

ans =

     5   100

.ans =

     5   500

ans =

     5   100

.ans =

     5   500

ans =

     5   100

.ans =

     5   500

ans =

     5   100

.ans =

     5   500

ans =

     5   100

.ans =

     5   500

ans =

     5   100

.ans =

     5   500

ans =

     5   100

.ans =

     5   500

ans =

     5   100

.ans =

     5   500

ans =

     5   100

.ans =

     5   500

ans =

     5   100

.ans =

     5   500

ans =

     5   100

.ans =

     5   500

ans =

     5   100

.ans =

     5   500

ans =

     5   100

.ans =

     5   500

ans =

     5   100

.ans =

     5   500

ans =

     5   100

.ans =

     5   500

ans =

     5   100

.ans =

     5   500

ans =

     5   100

.ans =

     5   500

ans =

     5   100

.ans =

     5   500

ans =

     5   100

.ans =

     5   500

ans =

     5   100

.ans =

     5   500

ans =

     5   100

.ans =

     5   500

ans =

     5   100

.ans =

     5   500

ans =

     5   100

.ans =

     5   500

ans =

     5   100

.ans =

     5   500

ans =

     5   100

.ans =

     5   500

ans =

     5   100

.ans =

     5   500

ans =

     5   100

.ans =

     5   500

ans =

     5   100

.ans =

     5   500

ans =

     5   100

.ans =

     5   500

ans =

     5   100

.ans =

     5   500

ans =

     5   100

.ans =

     5   500

ans =

     5   100

.ans =

     5   500

ans =

     5   100

.ans =

     5   500

ans =

     5   100

.ans =

     5   500

ans =

     5   100

.ans =

     5   500

ans =

     5   100

.ans =

     5   500

ans =

     5   100

.ans =

     5   500

ans =

     5   100

.ans =

     5   500

ans =

     5   100

.ans =

     5   500

ans =

     5   100

.ans =

     5   500

ans =

     5   100

.ans =

     5   500

ans =

     5   100

The maximum number of 50 EM iterations has been reached.
